----------------------------------------
Elcentro Earthquake Accelerogram Data File

Sohail Forouzan-sepehr's Website
http://www.sfsepehr.com

Duration: 31.18 sec


   Time	     Accl.
   (sec)     (cm/s^2)
   -----     --------
    0.00      0.00000
    0.02      6.18030
    0.04      3.57084
    0.06      0.97119
    0.08      4.19868
    0.10      7.43598
    0.12     10.66347
    0.14      6.69042
    0.16      2.71737
    0.18     -1.25568
    0.20      3.61008
    0.22      8.47584
    0.24     13.34160
    0.26      7.13187
    0.28      0.92214
    0.30      4.12020
    0.32      2.16801
    0.34      0.20601
    0.36      4.35564
    0.38      8.50527
    0.40     12.65490
    0.42     16.80453
    0.44     -3.36483
    0.46    -23.54400
    0.48     -9.73152
    0.50      4.08096
    0.52      5.17968
    0.54     16.21593
    0.56     27.26199
    0.58     38.29824
    0.60     24.02469
    0.62      9.76095
    0.64      9.42741
    0.66      9.08406
    0.68      8.75052
    0.70     -4.76766
    0.72    -18.28584
    0.74    -31.80402
    0.76    -33.01065
    0.78    -56.14263
    0.80    -44.47854
    0.82    -32.82426
    0.84    -31.40181
    0.86    -29.97936
    0.88    -28.55691
    0.90    -27.13446
    0.92    -40.37796
    0.94    -53.62146
    0.96    -66.86496
    0.98    -80.10846
    1.00    -67.15926
    1.02    -54.21987
    1.04    -41.28048
    1.06    -41.78079
    1.08    -42.29091
    1.10    -23.81868
    1.12     -5.34645
    1.14     13.12578
    1.16     31.59801
    1.18     50.07024
    1.20     68.54247
    1.22     87.01470
    1.24     44.38044
    1.26      1.75599
    1.28    -40.87827
    1.30    -83.51253
    1.32   -126.13698
    1.34   -168.77124
    1.36   -126.62748
    1.38    -84.49353
    1.40    -87.32862
    1.42    -90.17352
    1.44    -93.01842
    1.46    -91.46844
    1.48    -89.91846
    1.50    -92.97918
    1.52    -96.03009
    1.54   -126.56862
    1.56    -75.06612
    1.58    -23.55381
    1.60     27.94869
    1.62     79.45119
    1.64    130.96350
    1.66    182.46600
    1.68    233.96850
    1.70    215.75133
    1.72    197.52435
    1.74    179.29737
    1.76    161.08020
    1.78    142.85322
    1.80    158.36283
    1.82    173.88225
    1.84    129.63915
    1.86     85.39605
    1.88     41.16276
    1.90     -3.08034
    1.92    -47.32344
    1.94    -91.56654
    1.96   -135.79983
    1.98   -180.04293
    2.00   -224.28603
    2.02   -268.51932
    2.04   -312.76242
    2.06   -245.48544
    2.08   -178.20846
    2.10   -110.94129
    2.12    -43.66431
    2.14     23.61267
    2.16     90.88965
    2.18    158.16663
    2.20    225.44361
    2.22    292.72059
    2.24    227.56257
    2.26    162.39474
    2.28     97.23672
    2.30     32.07870
    2.32    -33.07932
    2.34    -98.23734
    2.36   -163.39536
    2.38   -228.56319
    2.40   -293.72121
    2.42     -4.13001
    2.44    285.46119
    2.46    219.54780
    2.48    153.64422
    2.50     87.73083
    2.52     21.81744
    2.54    -44.09595
    2.56     17.99154
    2.58     80.07903
    2.60    142.15671
    2.62    204.24420
    2.64    186.12513
    2.66    167.99625
    2.68    134.97579
    2.70    101.95533
    2.72     68.93487
    2.74     35.91441
    2.76      2.89395
    2.78    -30.12651
    2.80     -5.50341
    2.82     19.10988
    2.84     43.73298
    2.86     63.45108
    2.88     83.16918
    2.90    102.87747
    2.92     57.82995
    2.94     12.78243
    2.96    -32.26509
    2.98    -77.32242
    3.00    -34.88436
    3.02      7.56351
    3.04     50.00157
    3.06      9.93753
    3.08    -30.12651
    3.10    -70.20036
    3.12   -110.26440
    3.14   -150.32844
    3.16   -110.99034
    3.18    -71.65224
    3.20    -32.31414
    3.22      7.01415
    3.24    -62.29350
    3.26   -131.60115
    3.28   -200.90880
    3.30   -122.44842
    3.32    -43.99785
    3.34     34.46253
    3.36    112.91310
    3.38    191.37348
    3.40    120.67281
    3.42     49.97214
    3.44    -20.72853
    3.46    -91.42920
    3.48    -26.12403
    3.50     39.19095
    3.52    104.50593
    3.54    169.82091
    3.56    110.68623
    3.58     51.55155
    3.60     -7.57332
    3.62     10.43784
    3.64     28.44900
    3.66     46.46997
    3.68     64.48113
    3.70     19.82601
    3.72    -24.81930
    3.74    -69.46461
    3.76    -40.28967
    3.78    -11.11473
    3.80      2.82528
    3.82     16.76529
    3.84     30.71511
    3.86    -22.34718
    3.88    -75.39966
    3.90   -128.46195
    3.92   -181.52424
    3.94   -140.74407
    3.96    -99.96390
    3.98    -59.19354
    4.00    -18.41337
    4.02     22.36680
    4.04     -9.77076
    4.06    -41.90832
    4.08    -21.06207
    4.10     -0.20601
    4.12     20.64024
    4.14    -14.31279
    4.16    -49.26582
    4.18    -84.21885
    4.20   -119.17188
    4.22   -154.12491
    4.24   -189.07794
    4.26   -224.03097
    4.28   -178.00245
    4.30   -131.97393
    4.32    -85.94541
    4.34    -39.91689
    4.36      6.11163
    4.38     52.14996
    4.40     98.17848
    4.42    144.20700
    4.44     95.68674
    4.46     47.16648
    4.48     -1.35378
    4.50     50.43321
    4.52    102.22020
    4.54    154.00719
    4.56    205.80399
    4.58    257.59098
    4.60    166.73076
    4.62     75.87054
    4.64    -14.97987
    4.66   -105.84009
    4.68   -196.70031
    4.70    -66.57066
    4.72     63.55899
    4.74     16.39251
    4.76    -30.77397
    4.78    -77.94045
    4.80   -125.10693
    4.82   -172.27341
    4.84   -219.43989
    4.86   -266.60637
    4.88   -155.49831
    4.90    -44.39025
    4.92     66.72762
    4.94    177.83568
    4.96    141.89184
    4.98    105.94800
    5.00     70.01397
    5.02     34.07013
    5.04     94.82346
    5.06    155.58660
    5.08    216.33993
    5.10    179.48376
    5.12    142.61778
    5.14    105.75180
    5.16     68.89563
    5.18     32.02965
    5.20     65.22669
    5.22     98.42373
    5.24    131.62077
    5.26    101.40597
    5.28     71.19117
    5.30     40.97637
    5.32     10.76157
    5.34    -19.45323
    5.36     43.53678
    5.38    106.53660
    5.40    169.52661
    5.42    102.18096
    5.44     34.83531
    5.46    -32.52015
    5.48    -99.86580
    5.50    -71.24022
    5.52    -42.61464
    5.54    -13.98906
    5.56     14.63652
    5.58    -19.86525
    5.60    -54.37683
    5.62    -88.87860
    5.64   -123.39018
    5.66   -157.89195
    5.68   -192.40353
    5.70   -145.03104
    5.72    -97.65855
    5.74    -50.29587
    5.76     -2.92338
    5.78    -19.14912
    5.80    -35.36505
    5.82    -51.59079
    5.84    -41.02542
    5.86    -30.46986
    5.88    -28.47843
    5.90    -26.47719
    5.92     24.67215
    5.94     17.36370
    5.96     21.70953
    5.98     26.05536
    6.00      4.11039
    6.02    -17.84439
    6.04    -39.79917
    6.06    -61.74414
    6.08    -23.71077
    6.10     14.32260
    6.12     52.35597
    6.14     23.81868
    6.16     -4.70880
    6.18    -33.24609
    6.20     -5.46417
    6.22     22.30794
    6.24      6.66099
    6.26     -8.97615
    6.28    -24.61329
    6.30    -40.25043
    6.32    -55.89738
    6.34    -17.91306
    6.36     20.07126
    6.38      4.45374
    6.40    -11.16378
    6.42     -2.10915
    6.44      6.94548
    6.46      4.86576
    6.48      2.79585
    6.50      0.72594
    6.52     -5.23854
    6.54    -11.19321
    6.56      3.54141
    6.58     18.27603
    6.60     33.01065
    6.62     47.74527
    6.64     29.82240
    6.66     11.89953
    6.68     -6.02334
    6.70    -23.94621
    6.72     13.48875
    6.74     10.78119
    6.76      8.07363
    6.78      5.36607
    6.80      7.96572
    6.82     10.56537
    6.84     -6.78852
    6.86    -24.14241
    6.88    -41.49630
    6.90    -58.85019
    6.92    -76.20408
    6.94    -93.56778
    6.96    -60.91029
    6.98    -28.25280
    7.00      4.39488
    7.02     37.05237
    7.04     17.39313
    7.06     -2.26611
    7.08    -21.92535
    7.10     17.56971
    7.12     57.05496
    7.14     36.66978
    7.16     16.28460
    7.18     -4.10058
    7.20    -24.48576
    7.22    -44.87094
    7.24    -20.31651
    7.26      4.23792
    7.28     28.79235
    7.30     14.97006
    7.32     17.71686
    7.34     20.46366
    7.36      7.77933
    7.38     -4.91481
    7.40    -17.60895
    7.42    -30.30309
    7.44    -18.06021
    7.46     -5.81733
    7.48      6.42555
    7.50    -24.71139
    7.52    -55.84833
    7.54    -39.68145
    7.56    -23.52438
    7.58     -7.35750
    7.60      8.79957
    7.62      3.76704
    7.64     -1.26549
    7.66     -6.29802
    7.68    -11.34036
    7.70    -25.69239
    7.72    -40.04442
    7.74    -54.39645
    7.76    -42.83046
    7.78    -31.27428
    7.80    -68.31684
    7.82    -55.26954
    7.84    -42.21243
    7.86    -29.15532
    7.88    -16.10802
    7.90     -3.05091
    7.92     10.00620
    7.94     23.05350
    7.96     36.11061
    7.98     49.15791
    8.00     23.89716
    8.02     -1.36359
    8.04    -26.62434
    8.06     -3.03129
    8.08     20.56176
    8.10     44.15481
    8.12     67.74786
    8.14     56.63313
    8.16     45.51840
    8.18     34.40367
    8.20     32.93217
    8.22     31.46067
    8.24     29.98917
    8.26     31.88250
    8.28     33.78564
    8.30     35.67897
    8.32     13.22388
    8.34     -9.24102
    8.36    -31.69611
    8.38    -29.40057
    8.40    -30.36195
    8.42    -31.31352
    8.44    -25.38828
    8.46    -19.46304
    8.48    -13.52799
    8.50     -7.60275
    8.52    -14.21469
    8.54    -20.82663
    8.56     14.94063
    8.58     50.71770
    8.60     86.48496
    8.62    122.26203
    8.64    158.02929
    8.66    127.40247
    8.68     96.76584
    8.70     66.12921
    8.72     35.49258
    8.74      4.85595
    8.76      4.12020
    8.78      3.38445
    8.80      2.63889
    8.82    -58.09482
    8.84   -118.81872
    8.86   -179.55243
    8.88   -118.14183
    8.90    -56.72142
    8.92      4.69899
    8.94     66.11940
    8.96    127.53981
    8.98     82.13913
    9.00     36.73845
    9.02     68.46399
    9.04    100.18953
    9.06    -34.50177
    9.08   -169.19307
    9.10   -135.01503
    9.12   -100.82718
    9.14    -66.64914
    9.16    -32.47110
    9.18    -35.77707
    9.20    -39.08304
    9.22     -5.07177
    9.24     28.93950
    9.26     62.95077
    9.28     96.95223
    9.30    130.96350
    9.32     58.11444
    9.34    -14.74443
    9.36    -87.59349
    9.38   -160.44255
    9.40    -59.80176
    9.42     40.84884
    9.44     15.21531
    9.46    -10.40841
    9.48    -36.04194
    9.50    -61.67547
    9.52    -87.29919
    9.54    -53.26830
    9.56    -19.23741
    9.58     14.79348
    9.60     48.82437
    9.62     82.85526
    9.64     49.27563
    9.66     15.69600
    9.68    -17.88363
    9.70    -51.46326
    9.72    -85.04289
    9.74    -66.40389
    9.76    -47.77470
    9.78    -29.13570
    9.80    -10.50651
    9.82      8.13249
    9.84     -3.08034
    9.86     29.09646
    9.88     61.27326
    9.90     -2.29554
    9.92    -65.86434
    9.94    -39.74031
    9.96    -13.61628
    9.98     12.49794
   10.00      7.89705
   10.02     29.66544
   10.04     51.43383
   10.06     23.06331
   10.08     -5.30721
   10.10    -33.66792
   10.12    -62.03844
   10.14    -90.39915
   10.16   -118.76967
   10.18    -82.89450
   10.20    -47.02914
   10.22    -11.15397
   10.24     24.72120
   10.26     60.59637
   10.28     39.51468
   10.30     18.44280
   10.32     43.71336
   10.34     68.98392
   10.36     94.25448
   10.38    119.52504
   10.40     62.29350
   10.42      5.07177
   10.44    -52.15977
   10.46    -30.64644
   10.48     -9.12330
   10.50     12.39003
   10.52     33.91317
   10.54     32.20623
   10.56     30.49929
   10.58     28.79235
   10.60     44.25291
   10.62     59.71347
   10.64     75.17403
   10.66     90.63459
   10.68     56.32902
   10.70     22.02345
   10.72    -12.28212
   10.74      6.67080
   10.76     25.61391
   10.78     44.56683
   10.80     15.41151
   10.82    -13.75362
   10.84    -42.90894
   10.86    -72.07407
   10.88    -39.14190
   10.90     -6.20973
   10.92     26.72244
   10.94     59.64480
   10.96     35.99289
   10.98     12.34098
   11.00    -11.31093
   11.02    -34.96284
   11.04     -6.64137
   11.06     21.68010
   11.08     50.01138
   11.10     78.33285
   11.12     67.83615
   11.14     57.33945
   11.16     46.84275
   11.18     36.35586
   11.20     25.85916
   11.22     57.11382
   11.24     88.37829
   11.26    119.64276
   11.28     98.77689
   11.30     77.92083
   11.32     57.05496
   11.34     36.18909
   11.36     15.33303
   11.38     -5.53284
   11.40    -26.38890
   11.42    -47.25477
   11.44    -68.12064
   11.46    -88.97670
   11.48   -109.84257
   11.50   -113.02101
   11.52   -116.20926
   11.54   -119.38770
   11.56   -122.56614
   11.58   -161.86500
   11.60   -201.15405
   11.62   -154.14453
   11.64   -107.13501
   11.66    -60.12549
   11.68    -13.11597
   11.70     33.89355
   11.72     80.90307
   11.74     74.32056
   11.76     67.74786
   11.78     61.17516
   11.80     85.69035
   11.82    110.21535
   11.84    134.73054
   11.86    119.43675
   11.88    104.14296
   11.90     88.84917
   11.92     73.55538
   11.94     78.58791
   11.96     83.62044
   11.98     88.65297
   12.00     60.90048
   12.02     33.13818
   12.04      5.38569
   12.06    -22.37661
   12.08    -53.40564
   12.10    -39.53430
   12.12    -25.65315
   12.14    -11.78181
   12.16    -19.89468
   12.18    -28.00755
   12.20    -61.24383
   12.22    -34.57044
   12.24     -7.89705
   12.26    -48.53988
   12.28    -35.73783
   12.30    -22.92597
   12.32    -33.04008
   12.34    -18.43299
   12.36     -3.81609
   12.38     10.79100
   12.40     25.39809
   12.42     14.18526
   12.44      2.97243
   12.46     -8.24040
   12.48      4.54203
   12.50     17.32446
   12.52     30.10689
   12.54     42.88932
   12.56     21.23865
   12.58     -0.41202
   12.60    -22.06269
   12.62    -43.71336
   12.64    -35.68878
   12.66    -27.65439
   12.68    -19.62981
   12.70    -11.59542
   12.72    -23.98545
   12.74    -36.36567
   12.76    -48.74589
   12.78    -57.70242
   12.80    -66.65895
   12.82    -75.60567
   12.84    -84.56220
   12.86    -93.51873
   12.88    -61.56756
   12.90    -29.60658
   12.92      2.34459
   12.94     34.29576
   12.96     43.15419
   12.98     52.00281
   13.00     31.15656
   13.02     10.31031
   13.04    -10.52613
   13.06    -31.37238
   13.08    -52.21863
   13.10      1.82466
   13.12     55.87776
   13.14     19.47285
   13.16    -16.93206
   13.18    -53.34678
   13.20    -11.81124
   13.22     29.73411
   13.24     71.26965
   13.26    112.80519
   13.28     70.99497
   13.30     29.18475
   13.32    -12.63528
   13.34     11.88972
   13.36     36.40491
   13.38     34.50177
   13.40     32.59863
   13.42     18.17793
   13.44      3.75723
   13.46      3.35502
   13.48    -21.39561
   13.50    -46.14624
   13.52    -70.89687
   13.54    -95.64750
   13.56   -120.39813
   13.58    -81.58977
   13.60    -42.79122
   13.62     -3.99267
   13.64     34.81569
   13.66     73.61424
   13.68    112.42260
   13.70     76.21389
   13.72     40.00518
   13.74      3.79647
   13.76      2.78604
   13.78      1.78542
   13.80    -54.08253
   13.82     46.42092
   13.84     51.23763
   13.86     56.06415
   13.88     60.88086
   13.90     65.70738
   13.92     70.52409
   13.94     26.53605
   13.96    -17.45199
   13.98    -61.44003
   14.00   -105.42807
   14.02   -149.42592
   14.04   -123.51771
   14.06    -97.60950
   14.08    -71.70129
   14.10    -45.79308
   14.12    -19.88487
   14.14      6.02334
   14.16     31.93155
   14.18      8.42679
   14.20    -15.07797
   14.22    -38.57292
   14.24    -62.07768
   14.26    -32.58882
   14.28     -3.09015
   14.30     26.39871
   14.32     11.73276
   14.34     -2.94300
   14.36      3.28635
   14.38      9.51570
   14.40     15.74505
   14.42     21.96459
   14.44     41.34915
   14.46     60.73371
   14.48     80.11827
   14.50     34.10937
   14.52    -11.88972
   14.54    -12.84129
   14.56    -13.80267
   14.58    -51.73794
   14.60    -24.95664
   14.62      1.82466
   14.64     28.60596
   14.66     55.38726
   14.68     82.16856
   14.70     17.20674
   14.72    -47.76489
   14.74    -20.34594
   14.76      7.08282
   14.78     34.50177
   14.80     -5.17968
   14.82    -44.85132
   14.84    -84.53277
   14.86    -68.27760
   14.88    -52.02243
   14.90    -35.76726
   14.92    -19.51209
   14.94     -3.25692
   14.96     12.99825
   14.98     29.25342
   15.00     10.80081
   15.02     -7.66161
   15.04    -26.11422
   15.06     -5.52303
   15.08     15.06816
   15.10     35.65935
   15.12     56.25054
   15.14     30.98979
   15.16      5.72904
   15.18    -19.54152
   15.20     -1.97181
   15.22     15.58809
   15.24    -10.04544
   15.26    -35.66916
   15.28    -61.30269
   15.30    -46.89180
   15.32    -32.48091
   15.34    -48.47121
   15.36    -64.45170
   15.38    -80.44200
   15.40    -48.85380
   15.42    -17.26560
   15.44     14.32260
   15.46     45.91080
   15.48     77.49900
   15.50     46.59750
   15.52     15.69600
   15.54    -15.20550
   15.56     -1.00062
   15.58     13.21407
   15.60     27.41895
   15.62     41.63364
   15.64     55.83852
   15.66     37.09161
   15.68     18.34470
   15.70     -0.40221
   15.72    -19.14912
   15.74     -4.18887
   15.76     10.77138
   15.78     25.73163
   15.80     40.69188
   15.82     17.86401
   15.84     -4.96386
   15.86     -8.57394
   15.88    -36.55206
   15.90    -64.53999
   15.92    -25.50600
   15.94     13.53780
   15.96     52.57179
   15.98     91.60578
   16.00     57.71223
   16.02     23.82849
   16.04    -10.06506
   16.06    -43.94880
   16.08    -10.62423
   16.10    -18.33489
   16.12    -26.04555
   16.14    -33.75621
   16.16    -24.55443
   16.18    -15.34284
   16.20     -6.14106
   16.22     -9.89829
   16.24    -13.65552
   16.26     14.61690
   16.28     42.88932
   16.30     33.97203
   16.32     20.58138
   16.34      7.19073
   16.36     -6.19992
   16.38    -19.59057
   16.40      7.52427
   16.42     34.64892
   16.44     33.44229
   16.46     32.24547
   16.48     31.03884
   16.50     23.57343
   16.52     16.10802
   16.54      9.63342
   16.56      3.15882
   16.58     -3.32559
   16.60     21.60162
   16.62    -19.04121
   16.64    -59.69385
   16.66   -100.33668
   16.68    -76.97907
   16.70    -53.62146
   16.72    -30.25404
   16.74     -6.89643
   16.76     16.46118
   16.78     19.09026
   16.80     21.71934
   16.82     24.35823
   16.84     17.74629
   16.86     -1.98162
   16.88    -21.70953
   16.90     -2.72718
   16.92     16.24536
   16.94     35.21790
   16.96     54.20025
   16.98     73.17279
   17.00     60.85143
   17.02     48.53988
   17.04     36.21852
   17.06     -1.42245
   17.08     45.11619
   17.10     40.01499
   17.12     34.90398
   17.14     29.79297
   17.16     35.57106
   17.18     41.34915
   17.20     47.11743
   17.22     52.89552
   17.24     48.53007
   17.26     44.16462
   17.28     39.78936
   17.30     35.42391
   17.32     31.05846
   17.34      6.02334
   17.36    -19.00197
   17.38    -44.03709
   17.40    -69.06240
   17.42    -94.09752
   17.44    -75.97845
   17.46    -57.86919
   17.48    -39.75012
   17.50    -21.64086
   17.52     -3.52179
   17.54     14.58747
   17.56      9.85905
   17.58      5.13063
   17.60      0.40221
   17.62     -4.32621
   17.64     -9.05463
   17.66    -11.66409
   17.68    -14.94063
   17.70    -18.20736
   17.72    -21.48390
   17.74     -9.64323
   17.76      2.19744
   17.78     14.03811
   17.80      3.28635
   17.82     -7.45560
   17.84    -18.20736
   17.86     -7.22997
   17.88      3.75723
   17.90     14.73462
   17.92     25.72182
   17.94      9.96696
   17.96     -5.78790
   17.98    -21.54276
   18.00     -1.18701
   18.02     19.15893
   18.04     39.50487
   18.06     27.72306
   18.08     15.94125
   18.10      4.15944
   18.12      1.92276
   18.14     -0.30411
   18.16     -2.53098
   18.18     -4.76766
   18.20     -6.99453
   18.22     -9.23121
   18.24    -11.45808
   18.26    -13.69476
   18.28    -17.16750
   18.30    -20.64024
   18.32    -24.11298
   18.34    -27.59553
   18.36    -31.06827
   18.38    -34.54101
   18.40    -41.25105
   18.42    -47.96109
   18.44    -34.91379
   18.46    -21.86649
   18.48     -8.81919
   18.50      4.22811
   18.52     17.28522
   18.54      7.00434
   18.56     -3.27654
   18.58    -13.56723
   18.60     12.89034
   18.62     39.34791
   18.64     65.80548
   18.66     47.28420
   18.68     28.76292
   18.70     10.23183
   18.72     -8.28945
   18.74    -26.81073
   18.76    -45.33201
   18.78    -30.95055
   18.80    -16.55928
   18.82     -2.17782
   18.84     12.20364
   18.86     26.32023
   18.88     40.42701
   18.90     54.53379
   18.92     31.91193
   18.94      9.28026
   18.96    -13.34160
   18.98    -14.04792
   19.00    -14.75424
   19.02    -15.46056
   19.04    -41.29029
   19.06    -26.33985
   19.08    -11.38941
   19.10      3.56103
   19.12     18.51147
   19.14     33.46191
   19.16     30.55815
   19.18     27.65439
   19.20     28.61577
   19.22     29.57715
   19.24     30.53853
   19.26      3.80628
   19.28    -22.92597
   19.30    -49.65822
   19.32    -37.47420
   19.34    -25.29999
   19.36    -13.11597
   19.38     -0.93195
   19.40     11.24226
   19.42     23.42628
   19.44     35.60049
   19.46     10.27107
   19.48    -15.05835
   19.50    -40.38777
   19.52    -65.71719
   19.54    -51.08067
   19.56    -36.44415
   19.58    -21.79782
   19.60     -7.16130
   19.62      7.47522
   19.64     22.11174
   19.66     36.75807
   19.68     39.24981
   19.70     41.75136
   19.72     44.21367
   19.74     46.68579
   19.76     49.14810
   19.78     44.58645
   19.80     40.02480
   19.82     28.21356
   19.84     16.39251
   19.86      4.58127
   19.88     -7.23978
   19.90     -1.13796
   19.92      4.96386
   19.94     11.06568
   19.96     17.16750
   19.98     -2.06991
   20.00    -21.31713
   20.02    -40.56435
   20.04    -59.80176
   20.06    -79.04898
   20.08    -68.62095
   20.10    -58.18311
   20.12    -47.75508
   20.14    -37.32705
   20.16    -25.08417
   20.18    -12.85110
   20.20     -0.61803
   20.22     11.62485
   20.24     23.85792
   20.26     36.10080
   20.28     48.33387
   20.30     29.17494
   20.32     10.01601
   20.34     -9.14292
   20.36    -28.29204
   20.38    -47.45097
   20.40    -66.60990
   20.42    -47.69622
   20.44    -28.78254
   20.46     -9.86886
   20.48      9.04482
   20.50     27.96831
   20.52     46.88199
   20.54     24.09336
   20.56      1.30473
   20.58    -21.48390
   20.60    -44.27253
   20.62    -67.06116
   20.64    -48.83418
   20.66    -30.60720
   20.68    -12.38022
   20.70      5.84676
   20.72     24.06393
   20.74     42.29091
   20.76     60.51789
   20.78     78.74487
   20.80     96.97185
   20.82     63.29412
   20.84     29.61639
   20.86     -4.06134
   20.88    -37.74888
   20.90    -71.42661
   20.92    -58.85019
   20.94    -46.27377
   20.96    -33.69735
   20.98    -31.69611
   21.00    -29.70468
   21.02    -27.70344
   21.04     -3.88476
   21.06     19.93392
   21.08      3.07053
   21.10    -13.79286
   21.12    -30.64644
   21.14    -47.50983
   21.16    -64.37322
   21.18    -50.34492
   21.20    -36.31662
   21.22    -22.28832
   21.24     -8.26983
   21.26      5.75847
   21.28     19.78677
   21.30     26.46738
   21.32     33.14799
   21.34     39.83841
   21.36     46.51902
   21.38     53.19963
   21.40     34.67835
   21.42     16.15707
   21.44     15.91182
   21.46     15.67638
   21.48     15.44094
   21.50      7.32807
   21.52     -0.78480
   21.54     -8.89767
   21.56      0.70632
   21.58     10.31031
   21.60     19.91430
   21.62     29.51829
   21.64     39.13209
   21.66     34.11918
   21.68     29.10627
   21.70     24.10317
   21.72     30.16575
   21.74     36.23814
   21.76     42.31053
   21.78     48.37311
   21.80     54.44550
   21.82     60.50808
   21.84     -5.16006
   21.86    -70.82820
   21.88    -62.15616
   21.90    -53.47431
   21.92    -44.79246
   21.94    -36.11061
   21.96    -36.08118
   21.98    -36.05175
   22.00    -36.02232
   22.02    -17.31465
   22.04      1.40283
   22.06     20.12031
   22.08     38.82798
   22.10     57.54546
   22.12     34.88436
   22.14     12.21345
   22.16    -10.45746
   22.18    -33.11856
   22.20    -55.78947
   22.22    -44.16462
   22.24    -32.53977
   22.26    -20.90511
   22.28     -9.28026
   22.30      2.34459
   22.32     -2.04048
   22.34     -6.41574
   22.36    -10.80081
   22.38    -15.18588
   22.40    -11.77200
   22.42     -8.34831
   22.44     -4.93443
   22.46     -1.51074
   22.48      1.91295
   22.50      0.50031
   22.52     -0.90252
   22.54     11.13435
   22.56     23.18103
   22.58     35.21790
   22.60     47.26458
   22.62     59.30145
   22.64     71.34813
   22.66     27.92907
   22.68    -15.48999
   22.70    -58.89924
   22.72    -49.72689
   22.74    -40.55454
   22.76    -31.38219
   22.78    -30.75435
   22.80    -30.12651
   22.82    -29.49867
   22.84    -18.27603
   22.86     -7.05339
   22.88      4.16925
   22.90     15.40170
   22.92     26.62434
   22.94     37.84698
   22.96     29.18475
   22.98     20.52252
   23.00     22.89654
   23.02     25.27056
   23.04     27.65439
   23.06     30.02841
   23.08     32.41224
   23.10     13.44951
   23.12     -5.50341
   23.14    -24.46614
   23.16    -21.66048
   23.18    -18.86463
   23.20    -16.06878
   23.22    -13.27293
   23.24    -12.37041
   23.26    -11.47770
   23.28     -1.65789
   23.30      8.17173
   23.32     17.99154
   23.34     27.81135
   23.36     37.63116
   23.38     47.46078
   23.40     36.77769
   23.42     26.09460
   23.44     15.41151
   23.46      4.72842
   23.48     -5.95467
   23.50    -16.63776
   23.52     -7.65180
   23.54      1.33416
   23.56     10.32012
   23.58     19.30608
   23.60     28.29204
   23.62     -4.94424
   23.64    -38.19033
   23.66    -22.97502
   23.68     -7.75971
   23.70      7.44579
   23.72     22.66110
   23.74      6.93567
   23.76     -8.77995
   23.78    -24.50538
   23.80    -40.22100
   23.82    -55.94643
   23.84    -28.64520
   23.86     -1.34397
   23.88     25.94745
   23.90     53.24868
   23.92     35.18847
   23.94     17.12826
   23.96     -0.94176
   23.98    -19.00197
   24.00    -37.06218
   24.02    -22.37661
   24.04     -7.69104
   24.06      6.99453
   24.08     21.68010
   24.10     36.36567
   24.12     51.05124
   24.14     65.73681
   24.16     80.42238
   24.18     30.26385
   24.20    -19.88487
   24.22    -70.04340
   24.24   -120.20193
   24.26    -84.79764
   24.28    -49.39335
   24.30    -13.98906
   24.32     21.41523
   24.34     56.81952
   24.36     92.21400
   24.38    127.61829
   24.40     35.42391
   24.42    -56.77047
   24.44    -47.10762
   24.46    -37.44477
   24.48    -27.78192
   24.50     29.13570
   24.52     39.17133
   24.54     49.21677
   24.56     59.26221
   24.58     69.30765
   24.60     79.35309
   24.62     -1.88352
   24.64    -83.12013
   24.66    -18.10926
   24.68     -8.44641
   24.70    -35.82612
   24.72    -63.21564
   24.74    -60.51789
   24.76    -57.82014
   24.78    -55.11258
   24.80    -59.57613
   24.82    -64.03968
   24.84    -45.40068
   24.86    -26.76168
   24.88     -8.13249
   24.90     10.50651
   24.92     29.13570
   24.94     30.78378
   24.96     32.43186
   24.98     34.07994
   25.00     35.72802
   25.02     44.87094
   25.04     54.01386
   25.06     63.16659
   25.08     72.30951
   25.10     81.45243
   25.12     35.36505
   25.14    -10.71252
   25.16    -56.79990
   25.18    -46.06776
   25.20    -35.33562
   25.22    -24.60348
   25.24    -13.87134
   25.26    -34.93341
   25.28    -55.99548
   25.30    -77.05755
   25.32    -61.84224
   25.34    -46.62693
   25.36    -31.42143
   25.38    -16.20612
   25.40     -1.00062
   25.42      9.04482
   25.44     19.09026
   25.46    -68.98392
   25.48    -54.83790
   25.50    -40.69188
   25.52    -51.95376
   25.54    -63.20583
   25.56    -74.45790
   25.58    -85.71978
   25.60    -96.97185
   25.62    -66.68838
   25.64    -36.39510
   25.66     -6.11163
   25.68     24.18165
   25.70     54.47493
   25.72     84.75840
   25.74    115.05168
   25.76    145.33515
   25.78     85.49415
   25.80     25.65315
   25.82    -34.18785
   25.84    -94.01904
   25.86    -69.65100
   25.88    -45.28296
   25.90    -20.91492
   25.92      3.46293
   25.94     27.83097
   25.96     52.19901
   25.98     -4.60089
   26.00    -61.39098
   26.02   -118.19088
   26.04    -97.70760
   26.06    -77.22432
   26.08    -56.74104
   26.10    -36.25776
   26.12    -15.77448
   26.14      4.70880
   26.16     25.19208
   26.18     45.67536
   26.20     66.15864
   26.22     86.64192
   26.24    107.12520
   26.26    127.60848
   26.28    107.86095
   26.30     88.11342
   26.32     68.36589
   26.34     48.60855
   26.36     39.29886
   26.38     29.97936
   26.40     20.66967
   26.42     11.35998
   26.44      7.65180
   26.46      3.94362
   26.48      0.23544
   26.50     -3.47274
   26.52     -7.18092
   26.54    -10.88910
   26.56     -7.65180
   26.58     -4.41450
   26.60     -1.17720
   26.62      2.06010
   26.64      5.29740
   26.66     -8.15211
   26.68    -21.61143
   26.70    -35.07075
   26.72    -48.53007
   26.74    -61.98939
   26.76    -49.50126
   26.78    -37.01313
   26.80    -24.52500
   26.82    -12.03687
   26.84      0.45126
   26.86      4.72842
   26.88      9.01539
   26.90     13.29255
   26.92     17.56971
   26.94     21.85668
   26.96      8.66223
   26.98     -4.53222
   27.00    -17.72667
   27.02    -30.92112
   27.04    -22.32756
   27.06    -13.74381
   27.08     -5.16006
   27.10      3.43350
   27.12     12.01725
   27.14     20.61081
   27.16     14.09697
   27.18      7.58313
   27.20      1.07910
   27.22      8.07363
   27.24     15.07797
   27.26     22.08231
   27.28     16.80453
   27.30     11.52675
   27.32      6.24897
   27.34     13.49856
   27.36     20.73834
   27.38     27.97812
   27.40     35.22771
   27.42     42.46749
   27.44     33.92298
   27.46     25.37847
   27.48     16.82415
   27.50      8.27964
   27.52     -0.26487
   27.54     -8.80938
   27.56     -1.23606
   27.58      6.32745
   27.60     13.90077
   27.62     20.00259
   27.64     26.10441
   27.66     32.20623
   27.68     38.30805
   27.70     44.40987
   27.72     35.69859
   27.74     26.97750
   27.76     18.26622
   27.78      9.55494
   27.80      0.84366
   27.82    -13.07673
   27.84    -26.99712
   27.86    -40.91751
   27.88    -27.58572
   27.90    -14.25393
   27.92     -0.92214
   27.94     12.39984
   27.96     25.73163
   27.98     16.57890
   28.00      7.41636
   28.02     -1.73637
   28.04    -10.89891
   28.06    -20.05164
   28.08    -29.20437
   28.10    -38.36691
   28.12    -23.95602
   28.14     -9.54513
   28.16      4.86576
   28.18     19.27665
   28.20     33.68754
   28.22     20.14974
   28.24      6.61194
   28.26     -6.92586
   28.28    -20.46366
   28.30    -34.00146
   28.32    -26.12403
   28.34    -18.24660
   28.36    -10.36917
   28.38     -2.49174
   28.40     -0.61803
   28.42      1.25568
   28.44      3.12939
   28.46      5.00310
   28.48      9.80019
   28.50     14.59728
   28.52      7.75971
   28.54      0.91233
   28.56     -5.93505
   28.58      3.35502
   28.60     12.63528
   28.62     21.92535
   28.64     31.20561
   28.66     40.49568
   28.68     26.55567
   28.70     12.62547
   28.72     -1.31454
   28.74    -15.24474
   28.76    -29.18475
   28.78    -43.11495
   28.80    -35.43372
   28.82    -27.74268
   28.84    -20.05164
   28.86    -12.36060
   28.88     -4.66956
   28.90      3.01167
   28.92     10.70271
   28.94      9.65304
   28.96      8.59356
   28.98      7.53408
   29.00      6.48441
   29.02     12.10554
   29.04     17.72667
   29.06     23.34780
   29.08     28.96893
   29.10     34.59006
   29.12     27.31104
   29.14     20.03202
   29.16     12.75300
   29.18    -33.50115
   29.20     -6.16068
   29.22     -6.09201
   29.24     -6.03315
   29.26     -5.97429
   29.28     -5.90562
   29.30     -5.84676
   29.32     -5.78790
   29.34     -5.71923
   29.36     -5.66037
   29.38     -5.60151
   29.40     -5.53284
   29.42     -5.47398
   29.44     -5.41512
   29.46     -5.34645
   29.48     -5.28759
   29.50     -5.21892
   29.52     -5.16006
   29.54     -5.10120
   29.56     -5.03253
   29.58     -4.97367
   29.60     -4.91481
   29.62     -4.84614
   29.64     -4.78728
   29.66     -4.72842
   29.68     -4.65975
   29.70     -4.60089
   29.72     -4.54203
   29.74     -4.47336
   29.76     -4.41450
   29.78     -4.35564
   29.80     -4.28697
   29.82     -4.22811
   29.84     -4.16925
   29.86     -4.10058
   29.88     -4.04172
   29.90     -3.98286
   29.92     -3.91419
   29.94     -3.85533
   29.96     -3.79647
   29.98     -3.72780
   30.00     -3.66894
   30.02     -3.61008
   30.04     -3.54141
   30.06     -3.48255
   30.08     -3.42369
   30.10     -3.35502
   30.12     -3.29616
   30.14     -3.23730
   30.16     -3.16863
   30.18     -3.10977
   30.20     -3.05091
   30.22     -2.98224
   30.24     -2.92338
   30.26     -2.86452
   30.28     -2.79585
   30.30     -2.73699
   30.32     -2.67813
   30.34     -2.60946
   30.36     -2.55060
   30.38     -2.49174
   30.40     -2.42307
   30.42     -2.36421
   30.44     -2.30535
   30.46     -2.23668
   30.48     -2.17782
   30.50     -2.11896
   30.52     -2.05029
   30.54     -1.99143
   30.56     -1.93257
   30.58     -1.86390
   30.60     -1.80504
   30.62     -1.74618
   30.64     -1.67751
   30.66     -1.61865
   30.68     -1.54998
   30.70     -1.49112
   30.72     -1.43226
   30.74     -1.36359
   30.76     -1.30473
   30.78     -1.24587
   30.80     -1.17720
   30.82     -1.11834
   30.84     -1.05948
   30.86     -0.99081
   30.88     -0.93195
   30.90     -0.87309
   30.92     -0.80442
   30.94     -0.74556
   30.96     -0.68670
   30.98     -0.61803
   31.00     -0.55917
   31.02     -0.50031
   31.04     -0.43164
   31.06     -0.37278
   31.08     -0.31392
   31.10     -0.24525
   31.12     -0.18639
   31.14     -0.12753
   31.16     -0.05886
   31.18      0.00000
